F 39 1072
F 38 547
M 17 656
F 33 881
M 23 553
M 66 1105
M 74 560
M 86 606
M 20 679
M 88 593
F 24 673
M 34 906
F 19 831
M 74 1005
M 58 559
F 47 706
M 91 804
F 48 542
M 40 1407
F 38 691
M 16 545
M 85 902
M 25 773
F 65 1456
F 94 778
F 84 936
M 35 936
F 67 555
F 18 768
M 76 1190
F 93 1468
M 20 1525
M 96 1716
F 23 2370
M 52 2340
F 52 1362
F 14 1977
M 35 1545
F 22 1460
M 39 1561
M 70 2038
M 58 1713
F 48 1853
F 30 1112
M 52 2149
M 21 816
M 62 845
F 16 1126
F 26 1128
F 53 1126
F 25 976
M 28 564
F 28 704
F 22 748
M 16 1013
M 21 964
F 61 930
M 71 643
F 46 1036
F 46 1294
F 43 0 0 0 0 0 0
M 59 0 0 0 0 0 0
F 46 0 0 0 0 0 0
F 91 0 0 0 0 0 0
M 55 0 0 0 1 0 0
F 17 0 0 0 0 0 0
M 59 0 0 1 0 0 0
F 17 0 0 0 0 0 0
M 63 0 0 0 0 0 0
F 16 0 0 1 0 0 0
M 19 0 0 0 1 0 0
M 79 0 0 0 0 0 0
M 43 0 0 0 0 0 0
F 79 0 0 0 0 0 0
F 36 0 0 0 0 0 0
M 19 1 1 0 0 0 0
F 71 0 0 0 0 0 0
F 49 0 0 0 0 0 0
M 39 0 0 0 0 0 0
M 65 0 0 0 0 0 0
M 25 0 0 1 0 0 0
F 68 0 1 0 0 0 0
M 29 0 1 0 0 0 0
M 91 0 1 0 0 0 0
F 24 0 0 0 0 0 0
M 82 0 0 0 0 1 0
M 29 0 0 0 0 0 0
F 78 0 0 0 1 0 0
F 52 0 0 0 0 0 0
M 60 0 0 1 0 1 0
F 25 1 1 0 1 1 0
M 14 0 1 0 1 0 0
M 35 0 0 0 0 0 0
M 66 0 0 1 0 0 0
F 60 1 0 0 0 0 1
F 67 0 0 1 0 1 0
M 26 0 0 1 0 0 0
F 21 0 0 0 0 0 0
F 51 0 0 0 0 1 1
M 65 0 0 0 1 0 1
M 86 0 0 0 0 0 0
F 96 0 0 0 0 0 0
M 82 0 0 0 0 0 0
M 28 0 0 0 0 0 0
F 47 0 0 1 0 0 0
M 29 0 0 0 0 0 0
F 95 0 0 1 0 0 0
M 32 0 0 0 0 0 0
F 62 0 0 0 0 0 0
M 46 0 0 0 0 0 0
F 95 0 0 0 0 0 0
F 24 0 0 0 0 0 0
F 50 0 0 0 0 0 0
M 82 0 0 0 0 0 0
M 17 0 1 0 0 0 0
F 80 0 0 0 0 0 0
F 66 0 0 0 0 0 0
F 16 0 0 0 0 0 0
M 69 0 0 0 0 0 0
M 31 0 1 0 1 0 0
F 66 44
F 95 60
F 27 74
F 92 53
F 16 34
M 73 70
M 56 63
M 94 57
M 73 45
M 42 73
M 21 58
F 47 55
F 21 70
M 93 58
M 49 60
M 57 40
M 31 77
M 86 55
M 36 70
F 30 50
M 89 79
F 63 55
F 47 47
M 71 42
M 53 32
M 25 53
M 23 75
F 24 53
M 89 30
F 81 65
M 96 48
M 28 75
M 97 54
M 84 61
M 69 63
F 77 76
M 21 38
M 67 46
M 30 46
M 56 60
F 26 63
M 62 33
F 24 36
M 77 69
F 25 52
F 58 76
F 77 44
F 76 32
M 65 65
F 72 38
M 60 52
M 77 30
F 87 67
M 51 38
M 36 76
F 61 46
M 27 35
F 16 56
M 78 50
M 59 74
M 30 30
M 85 58
M 54 30
F 97 41
F 93 37
M 86 68
M 80 80
M 86 73
F 97 65
M 44 66
F 32 40
F 52 80
M 69 75
F 24 44
F 70 76
M 96 73
F 95 56
M 19 74
F 24 59
M 66 79
F 78 45
F 12 43
F 33 70
M 93 47
M 23 57
M 43 64
F 73 55
M 58 34
M 71 32
M 47 71
F 89 72
M 40 30
M 59 80
F 48 68
M 59 38
M 73 78
M 28 32
F 87 31
M 47 33
M 64 35
F 15 73
M 56 51
F 15 69
F 27 104
M 31 117
F 33 74
M 57 70
F 64 79
M 50 98
M 70 80
M 82 52
M 64 53
M 78 78
F 27 74
F 49 72
M 85 106
F 62 61
F 59 67
F 30 63
M 28 116
M 95 120
F 32 79
F 54 89
M 65 118
M 75 94
F 82 81
M 62 109
F 26 55
M 71 104
F 91 95
F 72 56
M 48 111
F 48 62
M 63 66
F 77 81
F 45 113
F 25 82
F 96 97
F 40 67
M 34 73
M 66 50
F 74 68
F 82 88
M 24 73
F 71 114
M 16 66
F 23 76
F 31 106
M 88 64
F 29 100
M 71 105
F 19 71
M 77 114
F 62 75
M 61 64
F 86 57
F 77 98
F 87 79
F 25 76
M 49 120
F 84 82
F 31 69
M 97 98
F 23 52
M 59 86
F 93 95
F 71 50
F 39 98
F 45 66
M 19 64
F 12 115
M 76 116
M 14 79
M 73 118
M 59 117
F 74 62
F 34 51
M 27 50
F 17 91
F 48 86
F 91 93
M 86 70
M 75 95
M 51 79
M 38 66
F 13 71
F 95 101
M 74 99
F 14 72
F 12 54
M 51 65
M 49 120
M 46 118
F 87 118
F 20 56
F 12 108
M 30 101
F 44 112
F 49 102
F 83 114
M 92 0
F 57 0
M 18 0
M 59 0
F 81 0
F 83 0
F 59 0
M 43 0
M 53 0
M 78 1
F 92 0
M 18 1
F 42 0
M 30 0
F 35 0
F 66 0
F 66 0
F 61 0
M 38 0
F 66 0
F 92 0
F 48 1
M 13 1
M 53 0
F 78 0
M 34 0
F 47 0
F 81 0
F 53 0
M 51 1
F 26 0
M 23 1
F 31 0
F 26 0
M 27 1
F 79 1
F 74 0
F 82 0
F 12 1
M 80 0
F 95 0
F 37 0
F 20 0
F 25 0
M 29 1
M 32 0
M 67 1
F 30 0
F 21 0
F 36 0
F 67 0
F 31 0
M 55 0
M 54 0
F 43 0
M 52 0
F 27 0
M 31 0
F 89 0
F 13 0
F 75 0
M 59 0
M 72 0
M 89 0
M 12 0
F 78 0
F 14 0
F 91 0
M 71 0
M 72 0
M 40 0
M 66 0
M 97 0
M 79 0
F 85 0
F 86 0
F 82 0
M 21 0
F 27 0
F 62 0
F 68 0
M 37 0
F 15 0
M 85 0
M 54 0
M 74 0
M 85 0
M 33 0
M 32 1
F 30 0
M 67 1
F 54 0
M 44 0
M 62 0
M 64 0
F 30 0
M 21 0
M 18 0
M 38 0
F 89 0
F 84 0
M 58 0
F 91 0
M 95 1
M 84 0
F 14 0
F 39 0
F 33 0
F 21 0
F 72 0
M 69 0
M 67 0
M 69 0
F 36 0
F 85 0
M 96 0
M 73 0
F 81 0
M 67 0
F 54 1
M 87 0
M 62 0
F 60 1
M 94 0
F 69 0
M 24 1
M 71 0
F 64 0
F 83 0
M 15 0
M 36 0
F 60 0
M 46 0
F 39 0
F 88 1
M 81 0
F 58 0
F 67 0
M 48 0
M 78 0
F 13 0
M 95 0
M 76 0
M 55 0
M 19 0
F 45 0
M 78 0
M 16 0
M 54 0
M 95 0
M 81 0
F 60 0
M 68 0
F 44 1
F 64 0
F 32 0
F 42 0
M 85 0
M 74 0
F 63 0
F 74 0
F 38 1
M 33 0
M 97 0
F 19 0
F 71 0
M 84 0
M 90 0
M 15 0
F 14 0
F 84 0
M 35 0
F 56 0
M 42 0
M 56 0
F 78 0
F 76 0
F 28 0
F 20 0
M 87 0
M 45 0
M 72 0
F 69 0
F 51 0
M 25 0
F 97 0
M 46 0
M 30 0
F 42 0
F 84 0
M 89 0
F 85 0
M 67 0
M 68 0
F 47 0
M 94 0
F 89 0
M 22 0
M 85 0
F 45 0
M 55 0
M 81 0
M 76 0
F 67 0
F 83 0
F 18 0
F 94 0
M 39 0
F 87 0
M 39 0
F 23 0
F 18 0
F 60 1
F 58 0
F 23 0
M 90 0
M 43 0
F 72 0
F 96 0
M 77 0
F 29 0
M 34 0
F 90 0
F 31 0
M 93 0
M 77 0
M 36 1
M 41 0
M 25 0
F 31 1
M 33 0
F 36 0
M 26 0
M 43 0
M 65 0
F 67 0
M 43 0
F 83 0
F 72 0
F 26 0
M 36 0
F 58 0
M 70 0
M 41 0
M 29 1
F 21 0
F 97 0
F 32 0
M 42 0
M 20 0
F 58 1
M 56 1
M 92 0
F 90 1
M 61 0
F 59 0
F 37 0
F 54 0
F 26 0
M 83 0
F 85 0
F 67 0
F 37 0
M 23 0
F 75 0
F 34 0
F 15 0
F 50 0
F 29 0
M 12 0
F 90 0
F 46 0
M 73 0
F 75 0
M 62 0
M 96 1
F 85 0
M 56 0
F 43 0
M 55 0
M 52 0
F 38 0
M 63 0
F 50 0
F 76 1
F 65 0
F 45 1
F 15 0
F 16 0
M 59 0
F 86 0
F 94 0
M 85 0
M 55 0
M 44 0
F 49 0
F 33 0
F 70 0
M 15 1
F 13 0
F 16 0
M 23 0
F 46 0
M 49 1
M 65 0
M 96 0
M 47 0
F 59 0
M 90 0
M 33 0
F 43 0
F 22 0
F 34 0
F 30 0
M 23 0
F 53 0
F 49 0
M 37 1
F 43 0
F 97 0
M 15 0
M 35 0
F 66 0
M 47 0
M 68 0
M 33 0
F 42 0
F 43 0
F 62 0
F 78 0
F 83 0
M 44 0
F 48 0
F 88 0
M 39 0
M 95 0
F 85 0
M 54 0
F 30 0
F 36 0
F 66 0
F 62 0
F 61 1
M 96 1
M 82 0
F 12 0
F 82 0
F 26 0
F 93 0
F 88 0
F 69 0
M 16 0
F 82 0
F 33 0
F 14 0
F 95 0
F 22 1
F 54 0
M 85 0
M 28 0
F 56 0
M 83 0
F 17 1
F 32 0
F 78 0
M 78 0
F 31 0
F 33 0
M 92 0
M 13 0
M 57 0
M 75 0
M 85 0
M 31 0
F 14 0
F 16 0
F 61 0
F 45 0
M 41 1
M 64 0
F 96 0
M 83 0
M 78 0
M 82 0
M 33 0
M 65 0
F 65 0
F 50 0
F 22 0
M 30 0
M 60 0
M 59 0
F 17 0
F 49 0
F 17 0
M 81 0
F 81 0
F 31 0
F 55 0
F 57 0
M 92 0
F 72 0
M 77 0
F 44 0
M 63 0
M 32 0
F 73 0
M 81 0
F 29 0
F 88 0
F 95 0
M 76 1
F 34 0
F 74 0
M 94 0
M 53 0
M 49 0
M 35 1
F 76 0
F 62 0
M 71 0
F 41 0
F 63 0
M 34 0
M 43 0
M 87 0
M 89 0
M 70 0
M 40 0
F 81 0
M 92 1
M 23 0
M 17 0
M 38 0
F 55 0
M 13 0
F 61 0
F 73 0
M 31 0
F 51 1
M 66 0
F 84 0
M 73 0
M 33 0
M 50 0
F 75 1
M 38 1
M 81 0
F 80 0
F 29 0
F 47 1
F 84 0
M 64 0
F 52 0
M 85 0
M 37 1
M 80 0
M 82 0
F 46 1
M 41 0
F 25 0
M 53 0
M 43 1
M 63 0
M 95 0
F 59 0
F 63 0
M 19 1
M 15 0
M 56 0
F 56 0
F 30 0
M 32 0
M 21 1
M 28 0
M 53 0
M 31 0
M 94 0
F 97 0
F 44 0
F 17 0
M 42 0
F 23 0
M 28 0
M 27 0
M 46 0
M 66 0
M 59 0
F 66 0
F 12 0
F 60 0
F 43 0
F 51 0
M 62 0
F 68 0
M 81 0
F 62 0
M 89 0
F 17 0
M 22 0
